'''harfler'''



0000000000000
0000001000000
0000010100000
0000100010000
0001111111000
0010000000100
0100000000010
0100000000010
0000000000000



0000000000000
0111111110000
0100000001000
0100000000100
0100000001000
0111111110000
0100000001000
0100000000100
0100000000010
0100000000100
0100000001000
0100000010000
0111111100000
0000000000000



0000000000000
0000111111100
0001000000010
0010000000010
0100000000000
0100000000000
0100000000000
0100000000000
0100000000010
0100000000010
0010000000100
0001111111000
0000000000000



0000000000000
0000111111100
0001000000010
0010000000010
0100000000000
0100000000000
0100000000010
0100000000010
0010000000100
0001111111000
0000000000000
0000011100000
0000000000000




0000000000000
0111111111000
0100000000100
0100000000010
0100000000010
0100000000010
0100000000010
0100000000010
0100000000100
0111111111000
0000000000000



0000000000000
0111111111100
0100000000000
0100000000000
0111111110000
0100000000000
0100000000000
0100000000000
0100000000000
0111111111110
0000000000000



0000000000000
0111111111100
0100000000000
0100000000000
0100000000000
0111111110000
0100000000000
0100000000000
0100000000000
0100000000000
0000000000000



0000000000000
0001111111100
0010000000010
0100000000010
0100000000000
0100000000000
0100011111000
0100000000100
0100000000010
0100000000010
0100000000100
0111111111000
0000000000000



0000000000000
0000111110000
0000000000000
0001111111100
0010000000010
0100000000000
0100000000000
0100011111000
0100000000100
0100000000010
0100000000010
0111111111100
0000000000000



0000000000000
0100000000010
0100000000010
0100000000010
0100000000010
0111111111110
0100000000010
0100000000010
0100000000010
0100000000010
0100000000010
0000000000000



0000000000000
0000011100000
0000001000000
0000001000000
0000001000000
0000001000000
0000001000000
0000001000000
0000001000000
0000001000000
0000011100000
0000000000000



0000000000000
0000011100000
0000000000000
0000011100000
0000001000000
0000001000000
0000001000000
0000001000000
0000001000000
0000001000000
0000011100000
0000000000000



0000000000000
0000011111000
0000000010000
0000000010000
0000000010000
0000000010000
0000000010000
0000000010000
0000100100000
0000010100000
0000001000000
0000000000000



0000000000000
0111000001110
0100000010000
0100000100000
0100001000000
0100010000000
0100110000000
0101001000000
0110000100000
0100000010000
0111000001110
0000000000000



0000000000000
0110000000000
0100000000000
0100000000000
0100000000000
0100000000000
0100000000000
0100000000000
0100000000010
0100000000010
0111111111110
0000000000000



0000000000000
0110000000110
0101000001010
0100100010010
0100010100010
0100001000010
0100000000010
0100000000010
0100000000010
0100000000010
0111000001110
0000000000000



0000000000000
0110000000110
0101000000010
0100100000010
0100010000010
0100001000010
0100000100010
0100000010010
0100000001010
0100000000110
0100000000010
0000000000000



0000000000000
0000111110000
0001000001000
0010000000100
0100000000010
0100000000010
0100000000010
0100000000010
0010000000100
0001000001000
0000111110000
0000000000000



0000000000000
0000011100000
0000000000000
0001111111000
0010000000100
0100000000010
0100000000010
0100000000010
0100000000010
0010000000100
0001111111000
0000000000000



0000000000000
0000111110000
0001000001000
0010000000100
0100000000010
0100000000010
0100000000010
0100000010010
0010000001100
0001000001100
0000111110010
0000000000000



0000000000000
0111111111000
0100000000100
0100000000010
0100000000100
0111111111000
0100000000000
0100000000000
0100000000000
0100000000000
0100000000000
0000000000000



0000000000000
0111111111000
0100000000100
0100000000010
0100000000100
0111111111000
0100000100000
0100000010000
0100000001000
0100000000100
0100000000010
0000000000000



0000000000000
0000111110000
0011000001000
0110000000100
0001100000000
0000011000000
0000000110000
0000000001100
0100000000010
0011000001100
0000111110000
0000000000000



0000000000000
0000111110000
0011000001100
0110000000110
0001100000000
0000011000000
0000000110000
0000000001100
0000000000110
0110000011000
0001111100000
0000011100000
0000000000000



0000000000000
0111111111110
0111111111110
0000001000000
0000001000000
0000001000000
0000001000000
0000001000000
0000001000000
0000011100000
0000111110000
0000000000000



0000000000000
0110000000110
0110000000110
0110000000110
0110000000110
0110000000110
0110000000110
0110000000110
0011000001100
0001100011000
0000111110000
0000000000000



0000000000000
0001100011000
0000000000000
0110000000110
0110000000110
0110000000110
0110000000110
0110000000110
0011000001100
0001100011000
0000111110000
0000000000000



0000000000000
0100000000010
0100000000010
0010000000100
0010000000100
0001000001000
0001000001000
0000100010000
0000100010000
0000010100000
0000001000000
0000000000000





0000000000000
0110000000110
0101000001010
0100100010010
0100010100010
0100001000010
0100000000010
0100000000010
0100000000010
0100000000010
0111000001110
0000000000000



0000000000000
0111000001110
0100000000010
0100000000010
0100000000010
0100000000010
0100001000010
0100010100010
0100100010010
0101000001010
0110000000110
0000000000000



0000000000000
0110000000110
0001000001000
0000100010000
0000010100000
0000011100000
0000010100000
0000100010000
0001000001000
0010000000100
0100000000010
0000000000000



0000000000000
0110000000110
0001000001000
0000100010000
0000010100000
0000001000000
0000001000000
0000001000000
0000001000000
0000001000000
0000011100000
0000000000000



0000000000000
0111111111110
0000000000100
0000000001000
0000000010000
0000000100000
0000001000000
0000010000000
0000100000000
0001000000000
0111111111110
0000000000000



'''rakamlar'''



0000000000000
0000111110000
0001000001000
0010000000100
0100000000010
0100000000010
0100000000010
0100000000010
0010000000100
0001000001000
0000111110000
0000000000000



0000000000000
0000001100000
0000011000000
0000101000000
0001001000000
0000001000000
0000001000000
0000001000000
0000001000000
0000001000000
0000111110000
0000000000000




0000000000000
0000011100010
0001100011000
0110000000110
0000000000110
0000000000110
0000000011000
0000001100000
0000110000000
0011000000000
0111111111110
0000000000000



0000000000000
0000011100010
0001100011000
0110000000110
0000000000110
0000001111000
0000000000110
0000000000110
0110000000110
0001100011000
0000011100000
0000000000000



0000000000000
0000000111000
0000001111000
0000011011000
0000110011000
0001100011000
0011000011000
0110000011000
0111111111110
0000000011000
0000000011000
0000000000000



0000000000000
0111111111110
0110000000000
0110000000000
0001100000000
0000011000000
0000000110000
0000000001100
0110000000010
0001100001100
0000011110000
0000000000000



0000000000000
0000000000110
0000000011000
0000001100000
0000110000000
0011011110000
0111100001100
0011000000110
0001100001100
0000110011000
0000011110000
0000000000000



0000000000000
0111111111110
0100000000100
0000000001000
0000000010000
0000000100000
0000001000000
0000010000000
0000100000000
0001000000000
0010000000000
0000000000000



0000000000000
0000111110000
0001000001000
0010000000100
0001000001000
0000111110000
0001000001000
0010000000100
0100000000010
0010000000100
0001000001000
0000111110000
0000000000000



0000000000000
0000011110000
0000110011000
0001100001100
0011000000110
0111100001100
0000111111000
0000000110000
0000011000000
0001100000000
0110000000000
0000000000000








